1459497491
1417196662
2038799092
1110774730
830181425
207648969
1466214112
59990764
121199352
1725544694
1079786677
587549362
1445553185
1815909314
2063507164
1278918242
2025699098
1991399845
663722776
1532906558
196616540
785886141
1686761516
1888022395
597243356
305225558
34220955
39241689
551474587
51892238
1602904455
1851879651
1408331608
1343023784
2003714235
1807110853
455100518
1596709488
2098537668
1210771141
562053272
371581765
2090854458
995527008
1644536664
917410376
829577500
1352209410
1038661591
183635744
1574195545
1183783009
1366155870
542308327
152343915
289945462
832915651
886690228
575650590
1394716185
1707281400
1410774982
1990163055
1039061304
1987070142
592876361
236645007
1555747763
1577464183
764921288
1507216647
965398487
2032644888
1245630512
1712924917
935112310
1556297533
1422532733
560699508
445588895
1816999254
2018299907
1594346010
698919167
1109222655
1508555867
1338693786
1454818772
2003010414
109905128
1209023114
1696400522
776322565
1881970437
890580032
1321339380
915010568
117510861
230004181
1090212392
1422664040
87880326
1588203339
1443069687
685204670
1432649386
570868939
2146227207
106705491
979089556
246750471
155261584
454387292
2107639236
723395518
253347503
395774019
1046808015
72997469
1410259050
1335669024
1880661222
286765251
1216909889
282765126
919133440
2000062493
1667743597
456384762
1957107623
549896688
2134500280
1541947455
1208877661
1729559862
2011844344
1777433037
967145384
2022982559
1756802601
1903835424
1696399041
1120962808
297620518
507655084
1025434581
1494122153
1499796484
1509621037
1462782710
1868553561
1271015179
2136248093
584009633
986932908
1050228818
699241791
1860608748
1652687148
1801015286
1934274905
1379899980
933130309
1257699318
2042169342
26509568
1377913450
765367470
213092489
1961610782
1684205398
1733921519
1017610790
1016185144
1812947053
849440183
32258058
486500267
779877697
739642770
772425411
1927310468
530925104
314499980
2016070825
30784782
639297322
1812853201
34826100
1479126012
1023569040
702665700
588462311
1477106991
1547510840
883316856
1662403754
514712613
197381261
2014224110
349673782
1468669695
445830099
324620908
939513322
610596910
2100038025
507460758
973389882
44521657
1071563751
1932921324
536328711
1177269549
1138072455
2050275776
1597770505
904904481
1937309472
2051331026
75173736
242967908
1697120621
864230794
1178303851
1895787718
784130860
2019829969
476189767
1204325248
1189673794
800896652
984950297
625512768
1263255291
919832245
929140463
21349845
1298320496
1531039768
1184287489
676939892
1496119553
1229011368
716766717
1332205989
1421379074
2144980860
411229568
734861773
2012527987
1724910953
1021218976
2614872
706828518
31111484
1717286566
1438064514
1245328517
1261037204
1998186201
497074371
669249580
1346641498
283253621
1089590741
1522942130
760497119
1360959931
1883534947
957010757
466776464
210241826
1298240080
1862518003
2073798488
1003981739
1015478432
1340788805
78627986
381208914
1020699399
1247441670
1099622313
632553632
914026508
1152675361
1577512271
100093534
568071642
1379738024
1719888214
736591460
410892195
527001329
1784550190
240375695
576726961
1389669083
1361788924
1227715792
1890549771
45034030
188589139
584703329
12803008
1481658912
1837512593
1942072851
328506067
1125607156
1246278361
800540100
1115372227
688173758
422495656
1096713964
819785141
815242817
1636547094
1073602646
605403712
1755461113
314827436
1362226923
1240370645
906542388
2087111644
1023421097
1460292553
1290539354
926993185
1759129779
1081115393
883408718
1377314228
1416256643
1181062201
276352237
429107431
1654358587
1571992305
1739610292
1988898338
895007768
1409075956
2015711614
1449665657
1075797255
309326982
642426986
1303894502
1003240018
678805801
1275297499
1874517544
1848548979
1090997004
136639129
1902278967
1291736841
1292931345
346901012
2037043042
49770472
719931769
1127375561
283372807
372591947
1455420719
1107649470
1906152431
26212133
345415085
254268967
1576813636
316245908
1857898383
411985451
1164679983
1921437303
1647100850
1970253248
2039070994
900553750
2103781640
1587645362
1005142367
1785873664
1360912636
846047427
109200915
1277694194
684314748
1122888941
1329713363
1687119603
173066151
789300931
288697249
840247421
956826133
1506363126
1564044091
681692629
310780349
531182066
1417313552
783873404
1225502343
1459308968
235592415
1214593214
494912623
2141466983
370449903
1541109607
1930508882
1439460836
1513507813
436333717
2064067417
1859658584
1462327109
1111129769
1691380991
289493960
896920968
1913969751
999300032
1753775968
1834437845
1711544541
2011039840
1653319929
380468063
1090296145
1154772949
1632755898
1150081628
1360676114
259065810
869897946
1514778270
473697121
1566968304
333060227
157636815
1073803272
358123387
1372371154
1445238605
635695416
953413591
572016635
1332857760
1903638641
2089767822
637639306
1671683476
823404698
1151307255
858653380
1852962296
937229104
813309827
1764802092
644213489
1942339227
1625236135
1542093089
1294129147
1319479196
1283286369
1133652644
1802697598
187615203
1309299050
1781574200
535270409
490298302
1614277879
508330466
646387501
288424171
1812848171
429497936
1160887288
2076526734
1632566044
416849686
1353315085
2120496702
1835241600
1238083859
1630406237
1033657913
1012476148
694336754
1021950596
359494840
1535852264
85963725
635071426
938033246
991224619
1733436395
1571668116
427033034
954335759
5083050
1414179822
848462411
783782201
1530945656
1857427736
447028147
779390983
972574715
2004892450
743582532
2042782878
1875444049
92084741
819429831
185188238
51620977
551196504
438403772
896127012
1119542704
726647980
226477228
1665282893
2134600544
163906948
1295656090
1128048418
508814227
1511134964
1665556120
1632251157
372626429
1843836629
1913478517
609739957
1313893879
2118403233
984650644
1161464097
1576675488
884626930
632475352
1813256967
1421288222
2122176658
1751980475
1038475608
917776642
420609086
1852791678
347703946
912939722
976469500
2062911867
477026441
677223552
1756139286
1997888406
1634197819
799542399
2000564658
441816530
1940164014
195486805
899777807
1142888703
1358864865
482428356
1328782174
2114522257
1992439596
638031331
1728582458
881103757
1920152396
1131554914
1531793094
1241620124
1640949263
586161387
2111750754
2137886018
732010392
1835233443
522925322
1426419752
1618637136
976577999
517499979
50388629
944032618
1820230548
141254113
263680251
1190430992
1575981015
22257906
531763886
1331940655
769459523
1118468321
2092596400
47903196
2015668072
1197568977
109988775
2048937057
1883043584
488781494
1736458991
1895557096
314075214
2053157145
1344892620
930349251
117595552
1354404456
1215625144
1061792342
976881651
1934785271
1693227227
218737058
1257205685
453182103
173591449
821833326
105449381
1437421265
916904517
503231764
1977371606
1546162880
767044595
2105408229
1885998803
1997763208
107035498
1291489082
651638493
865985654
345230136
425798424
71617872
368167350
1888946400
1336449407
808870436
2026510507
292122927
54106703
2053367182
481039087
1024681901
1849805272
423901638
1655939303
703501102
752432892
2024791780
1587252481
1993683336
1920135683
1766800100
993785997
1458418783
1275821563
33431496
1069876277
460986651
93105866
1644581341
404833819
1742179835
1150098898
271380501
264980365
1087510083
1854537535
1126875283
1167778919
297336721
2006761968
1785037638
205719046
1650203214
1159365631
163613868
1409668068
375834431
337774063
54332088
2116883413
529337403
1199400561
1493595599
330699741
1506804215
84381907
143511532
972822443
249695485
228190214
1537111011
933356470
680031164
1376081994
1359042242
1898618867
1759445944
1415747960
1869593939
1497099312
1673238498
834145259
2036631486
1074176016
825913858
288373260
1458263371
762400932
1004108112
713205881
1308549702
838292898
731353123
1700871890
1987846651
1684056132
476992193
1918317343
172340961
438474175
1414508884
1730871777
1426819795
1795088222
1756755710
1143184564
191129977
368476731
1156313091
86612381
715366085
394199194
698089765
473943286
1211284377
1522312930
1594892813
249255923
1079493254
787605049
1392102629
1004131792
995237552
251363003
1337464067
617935257
1086121677
741528406
1325610687
1979534997
1783303756
1678467396
2009600613
1789264
1482311314
1037432102
200483910
527619908
1453552223
1810094010
101821417
548404003
698068303
309185593
1495848031
89441220
1812400509
1120295504
302895028
134042535
535708994
1075609016
1980168065
215346983
1757076251
336295284
1303192735
745488187
433122729
1577454759
1308987382
290961128
1270133201
1157060367
1874833011
1344644423
834738436
1138260770
2055707160
1015815726
97492377
672842691
1200929325
1431143294
571290453
1430180769
1143307412
1862342921
28737037
124089389
2106855994
256748829
1471516770
1152653877
37568681
1578237874
272471212
313448994
1538357947
1754542636
1151656434
1389045194
1622774378
1323051468
1694768916
1411010035
331052482
24211129
1638479372
1017143653
1092651255
1282650535
290912585
861643691
1487294355
755876386
347503931
1305113958
488322760
1647665017
1366116333
1283532877
1125413603
1713827401
1478203595
1606342852
96928225
1102232741
171453061
1854408472
1618806044
2111971039
192082188
2050968149
339854366
1314213622
69105082
2040534724
2003946135
1671403676
1194824590
1174745605
1560392553
1333132258
1092449684
212078276
2057655007
1969033346
1611127139
343927323
950669822
71668680
1122482112
2095785092
1467116788
1288940319
2126419297
1696264313
2049812141
58950964
800775627
1933119659
1137042309
1981719497
1319881308
169934811
1932524823
866105368
46495589
1009876055
1785430324
1767349217
1129703791
1559302420
1958112752
1048875282
1461052575
1649661541
1407147222
20288019
1531746356
1390036054
1264185147
786832555
1647001644
52727975
753167792
2103148946
230031111
965980776
189443217
1670603411
1566658979
13157678
323053498
1738778973
1012899654
1810179567
1503029082
937877736
1804634042
888750975
1545920479
1884584831
339456403
1823849640
1027776273
655568749
2052782732
567412191
1456584763
97268808
978586640
139817129
1676378499
1252575957
884962772
1218645642
1632949339
282073494
2069598369
1635158437
716743440
1666320375
1454082863
1317514485
1009063296
1464623633
1881613101
686552614
630750953
492973848
258321502
1781082897
1689165532
334611560
695674845
752979155
1272168271
2037694247
583552385
1035068041
1575641554
1371385494
2040170843
1843606953
1646874074
737794298
526847836
999668224
826470969
253371681
1519666964
2108160836
801385391
1697436307
1238823317
74779221
422027930
350374487
999066486
355861525
75239880
1167192670
1265798387
1342106592
835643501
1245220240
813058610
227832746
334616880
1236816498
1158895008
1784146868
1003030624
515605105
317875834
937440235
708356932
849144782
475587944
455747805
1864632975
1766219813
463036739
2000201304
1138555378
1588316571
876039672
1797511585
352450252
1376397475
1458868100
2023308622
473579517
704406637
1067807519
810105025
413292760
191657965
428857461
1918172481
1378912566
1124476291
2137287951
287234742
3239
1035533132
984415185
1988683265
1416282820
1806307845
33092252
1246849782
1061442208
508727447
1698783251
427443191
1535562589
1561239107
1729088379
1914687790
560999386
867241322
990341308
1987438950
1368423306
2003478778
900090500
946650758
196935264
1142468209
1435260043
2070237100
593493478
226270863
107991025
972858082
810910061
1570254492
1698931651
1424924800
428707679
1980417107
437343132
1761937950
1479012784
1249543786
1187579496
1519691571
2076872563
476687295
1827403588
1288855887
1118997897
502879008
1654248065
1944824305
1787922548
195415479
2018484424
1843995654
902519113
1369237008
196018775
496511743
138278852
1720536521
319724649
732393869
914631542
743898069
1434499764
1986826748
1002233369
1769399660
1233864460
1946946089
124518660
1627724691
35412261
312130849
203888569
1900214083
259571830
1709683800
1871616412
2057805369
890636856
1015970435
1303805119
364104282
1537713549
1230899730
2025020376
1228561856
138340286
1218832717
363252052
735702373
274191005
37400074
1115455876
314313834
1932041993
849134344
733171190
2146550277
145239440
725608684
992447455
1351693318
782212911
1629457621
1963091892
1152331780
1037924404
1764994718
97517527
974118184
1499778884
630960303
493863022
412385429
895036025
940575616
288713296
1235279475
596626595
1543601836
289822489
412180887
1245271216
2086402478
1629858909
1250153424
706916646
1875711546
714821625
1103565009
1807387084
2119278138
1338806149
1373814198
1954046313
21706595
1251642597
1659809589
328520100
605482612
323592703
1317161058
827745034
1873738763
1882590599
276741150
95200047
1139653924
520968949
385596189
1636514539
707623214
986257304
1967962259
1553000133
1054879692
127829700
252546939
304239470
1542735909
677390119
1946677892
2086600804
1074699240
1653144378
556773528
542534327
1282406367
1148626643
1552578569
1069933033
2086915119
861311959
1647862363
1032554734
653747754
1696296972
2057122472
285287762
571780561
1368618508
1098830004
163151482
1251016937
26022741
2053909134
583347970
1324377528
1392418174
680019679
516942406
1143402332
511633540
159904210
590698492
1613090249
1747431491
1642925728
1337772031
723460957
1096279808
972109750
220012583
1036212770
1088101155
130152326
702449235
1106006687
1423721986
2135655399
700803208
1742104155
2027779544
376669738
2009769267
2043467759
1725097172
619977146
1742648714
45017799
1016541006
295684975
410115089
1250720885
660044564
1448739695
1645836601
1802279345
1215398371
1830544321
1976223778
884877553
397054193
1100236144
1243964801
2107270305
482717607
619847256
1112285853
1048739584
1601191789
2127772048
1794164340
641558935
996116125
465947763
1688174330
1217419862
1282324633
1038750285
388031617
677136460
45362424
2007611551
487952692
986987010
301832155
1171097103
517762749
312729461
1041118558
1242973680
2021981191
1033605551
1920399914
277127785
1377889565
1433301505
1225784104
1481389892
274507569
2111898335
370892368
1084802901
586955449
739390552
806176415
1443962501
1741856180
1492024880
1878609191
1412549242
757270539
603734427
98384192
1431466981
1782084626
1026182296
847890908
1391149671
1048405293
2008873192
988119545
299652384
647902863
327418027
2060618287
1167063510
1986155550
868926101
406837609
418442431
1628233587
513167313
33486512
86543084
794518269
778059122
486196771
422412626
1908495685
1781715858
1384182531
1760174709
694767180
1132123145
1519823083
1741302962
787542288
665629388
787115548
57830186
1357032237
27179487
285217014
2095135559
1170246817
685191928
231783044
2128453868
136681896
61165746
828921902
1359688509
1932990662
357380458
1193979537
970181640
141917923
393934266
444434284
591168462
2115287952
1932952720
1287294129
239740018
1081984872
156317418
1336050364
1047649405
647460497
778061104
137671583
626367756
219328866
1986687021
535330203
1532505175
2035701023
1847394219
1056183980
1779144414
1122574047
1782829227
682276668
851265841
243016334
1140968766
606961143
269335644
1042182159
1015203843
1523416766
1110851310
1053468793
188044606
263360181
956171429
243885443
766172049
683769719
621299384
1005548794
832943705
544578409
246931137
1575815790
474014631
1183601964
939615812
1104357613
437934041
1730100268
650872032
1464248039
1537257685
1815570517
126727953
1118588465
1337369313
237416166
911767455
613399077
963254562
1445335645
1140217254
2143204838
1629660079
1375600530
67379523
174914753
369782098
1307838944
676788440
1959812782
1798214363
2097346686
543793405
1063480055
545740320
1503467243
1702310147
1417470704
543573652
383624
1006616102
1447843556
1162877314
1171197759
978603854
263221008
1957268455
693558625
1947337602
1910604488
863651818
459741838
1892218090
45301688
25061369
1768650701
654967423
2035958598
57594241
792411836
1969179217
1716430866
963789129
88895457
1256570484
741517727
95191916
1584477214
905633416
196386827
377417969
203273027
1599619044
1029027322
266661129
818119102
1537683039
905108113
420002788
1580267373
1739673530
201560478
1113107760
87417236
1350030253
333079509
715797551
288629226
1598642828
585945398
922232691
484043982
1392991382
1902430090
1235419705
2116843671
1439595483
1545322251
1466802528
1248137225
499239623
801095459
1197381124
1259313635
1332719950
1650765133
919979963
1148766101
1623702198
1867016216
1579663468
1256930574
662910460
1194741834
1066113991
329130932
2044146404
383713825
1874736228
481081965
182781344
96673973
1292683388
1410700506
1984371484
136066425
1612902462
28924836
703236068
312264160
1704681423
112984046
2143443891
1477501212
898666209
2057860074
6841241
16418817
920780783
1936071303
1561306312
1348038920
1882489106
1368408136
82278907
1426311792
1014980739
707989296
752016770
1282260096
1776168622
1450610650
918948335
1285000679
251545583
7825829
1893022551
993422403
2138636267
865481740
1570896709
1042938560
1163847821
2030127891
1694564673
621865177
1271287452
1682585821
1527337464
661713722
318154230
1586947675
1977476872
311087302
1416380268
42984735
839764330
599305652
1594573369
1924154446
1996171389
272496340
940475167
1278247604
1593350059
1138317040
2066641696
1905086450
2052340922
1347807309
767950806
1908666066
1140545713
669432913
1493098351
1340680891
1583166820
308804414
2079089225
1994191424
1314595231
1154678300
798196774
2108410066
1359201771
107406518
1976604428
600859030
171097087
1851607482
1685488060
605738321
579990215
1335547652
227093452
1185416576
562628873
264608756
1135890787
1160437381
1409247418
547825659
414816401
1106397947
1041796316
1943964469
505700937
1420937770
1356758034
566656817
213872892
759151510
1942299074
389421516
1152392914
1532727730
1035063269
1854311482
811367815
339688882
1012716398
1026461734
184375776
1851934334
806856020
2020361458
244497609
780803266
601940542
1660968727
58795021
1177181730
114807498
633776
1476873393
995154315
255061626
834538002
44042477
17057445
1820418876
506338707
1440824264
20562532
95046549
982718828
639677519
645153470
1474616681
49948857
448348785
1273123703
412711785
378999965
567672698
1250004504
441987865
549448322
1003447338
496262910
1789120893
1974305918
1778738802
1068353934
1011963999
1824060881
240875722
752876934
1931296320
1040973195
2142168370
425045871
226788057
934986058
711826883
720061998
1753629260
404697633
578501872
1465651130
1716719852
1563598229
1316196191
946392809
1069156774
547884225
2142609758
1864373347
620239114
651309977
739764739
1548088503
1678552826
2097795659
492162533
81776012
1904189677
1198885569
684741488
1078062063
926328544
870468675
1002406633
197658060
1211464923
938186554
839879679
1824430200
109728540
1982135055
947677962
705846891
853071586
208293938
1857054691
909913611
1972420055
1930580023
534079583
699577251
1971412506
160910874
1422831720
202414194
1690991849
1669591203
315640250
1832175840
1153637864
1412296933
2095246647
1493937100
368164112
791084768
1924589544
1401634048
1597898039
241962566
1888884113
735648966
1035629879
1750953307
1659677424
749782676
493217214
311306229
761407889
1712406754
1437450674
1503615139
628586321
1545386013
921735999
969157098
548713325
1040815795
1465739134
22374827
507577158
86756431
502663875
1126674592
82325683
1888884255
348946307
524632069
1689621507
549337680
1685109216
1985795923
1007248270
353126555
545933779
1623778343
990192374
577507833
694828533
161910338
251497471
519645554
714877162
1193951657
99347208
1590747155
130143082
592935149
356419878
907726334
1576256749
362523013
2005360092
865049243
1897491699
44586071
2063721080
776918509
617502445
1785093206
190611724
80729343
1142321867
1948050756
1631566088
239510397
1224350755
554179737
827634545
2064989278
1170418171
834694780
749641920
1022516159
664727859
957925614
420862553
124935116
1920844690
799190790
1181311398
447983319
650581355
1072758358
1991964368
322414731
1535251435
421423213
311664922
2089379897
1166349826
556450422
1435640538
1667225169
2059071980
1804758270
921858836
881116910
2117329243
1278555603
488961716
521827208
254295619
659961351
890098536
200908237
1156448833
1263816212
1349539352
334876041
818320041
2144535065
1494222595
1358576577
855180075
981833795
1188078967
1095310560
1535482144
1204452167
272098604
1506810889
1786902903
48431883
700933950
1738537355
897190711
250864996
1599277254
641883762
1822963888
1497149690
1650409748
1342707514
1293441346
37278792
1800726922
261818271
2121477577
1019400896
1418946840
977422736
2028272036
536504844
1405082959
1165756737
1341153888
347638126
1321171748
1610076256
1655136262
904404296
3473732
649400927
1666623486
306761912
1857861134
1043655664
483171487
1712392027
2015365938
1516971919
816540500
632713523
1844551908
1569306937
1766237036
486062755
1695810236
1728250682
889663357
608172695
1228478509
475158052
366295926
1922605248
2114839199
1633631707
53883200
774948349
287687468
231165390
38114833
1683415253
1265770996
807616064
101855821
2058879009
1522987294
1402424516
164990488
773574087
2033853803
1137439175
1938975869
1765718944
1219747448
1860902215
562532148
1154407547
1181128848
227495074
1915661587
370543419
2009227819
1624566665
164898068
346300955
241938184
1813221907
684890111
846603282
1114505954
290181614
1925591732
700668498
1793871314
909075632
1547571991
99059690
1234465856
1458875723
1714344344
1374778763
28908679
17014431
1531959645
1229928295
13401125
555301162
876468495
302362421
1017675419
937423323
1314338366
2046225489
540819431
810447876
2070678898
2048076801
1719432348
428036205
69855439
1426742227
1433663899
2037074820
893646691
2001739810
2041275760
795417778
307965712
1646428343
1483871563
1099993290
1983275793
987987339
1400950681
1492394395
210827562
1301802411
697677374
958608549
1195870064
685910580
2007687793
224940776
966018226
1366632318
820290613
1455016919
755094915
48545365
501874544
79975788
56205285
235013986
1051304105
1914592085
263942036
633260713
1698112355
145477452
1776211180
2030118188
152052752
581266564
1306216567
973121196
1029060532
1135837247
2136653079
1960331663
839025432
725313917
1231743693
588039901
1634290598
2122326478
1725709347
788326500
607091688
1235829065
1054992444
1219074812
465155480
1464405909
1964335990
387818213
767306595
229725220
599257273
186184780
2089557055
560969600
1840233823
379703789
717711973
1875224509
803901888
1239282642
863266797
1073533454
1713815640
708319289
1367577350
909665140
239312279
1635418259
1413389262
1995727505
432368198
491584681
1162587604
1390908571
2077047441
1686980057
2116130599
1553039212
1896088501
1768066175
2109277979
1116027573
1602263623
416889199
496025240
1151001171
690162462
560072094
1247685662
431791034
400316638
1759488480
1453428057
891371662
1736460322
1528858827
1265389660
1402331216
1689224261
114676923
261754493
756575029
381880013
930075632
455613134
530118675
1879460725
1843332305
282934835
1113339764
849115862
2067006547
464706341
1565574605
163927473
1117010037
1091195650
1574055625
561597147
571957475
1749886734
636457918
773898693
1275219898
700706570
561579841
1780564903
1838492779
1222106991
1005965269
1740361033
1516749497
724842823
1297540030
1977758574
825524188
972594601
1943801844
182330333
1897586632
302177999
1163353139
646114573
2129407111
602310869
669081135
667670124
1830916547
621935632
726289893
1373336396
1556653664
897880841
205442317
1726806635
706981446
905375253
1431597995
865029149
1460467260
151920274
1075925957
1242689816
1400949743
1220807616
1111672367
403110876
271037459
993725241
1122693762
180442813
527605921
89671438
173122603
1785047182
1643448638
1969236864
73146015
2115803628
642049980
1443477080
739820204
1775756580
971422393
380707300
426145515
193477314
1607192677
1562379662
2053956946
423142583
332086114
677946906
914997222
1541714470
224523204
1144246139
1495817869
2125026763
1426900535
473707091
1807493121
1942290696
1993790272
1445453574
1676367841
2136614286
1281458332
2082478201
1023333346
1806690212
1691803332
1443977325
184869410
241134359
1074111634
771817330
366981789
1847116990
729154301
453233289
668323256
68237993
1052291840
1035454554
1028233723
190651622
1671806874
576071694
52316892
1175593199
1440132590
1125964746
1512286902
1353959859
578798986
127248585
1153913305
1857685055
1627806404
1908399893
1214315706
1603981577
292429121
586912482
1171837771
1564621273
1578470543
728289671
1900122982
133227605
1113183474
1960504346
1114484835
112174375
163345980
237474214
279288264
528975821
1999189717
2115703563
1922464544
35137276
136381659
1784072819
1282664164
2124079538
1408665442
863256684
507248278
562042583
2115191260
1419200679
1110755821
691810703
394808212
1522724940
1362267947
1932324895
1176223061
594065400
841096842
1113321337
2108954407
1466381140
1775182548
1172972901
1452605497
396675155
906864914
1841337166
1534386906
876931080
1433350492
1029512103
2083063457
851557153
2107554512
1121387512
1419635373
395959300
1803836574
707087753
1043055111
1432443012
1485315647
1659481769
1060312100
1048499520
2027217093
874878619
409707398
743525528
1786202958
703284766
1620040833
596149069
834784402
1945347736
808529435
834792628
1000203164
1235364318
749063949
228415639
1803813270
1527422114
1212584166
471360680
1943434940
1805743482
263947087
1907706787
695270515
1090374281
2046839145
2069974015
1837469298
924628940
255140690
1406697552
1014523166
378052611
526372295
34120508
1886913268
1279480378
906983908
693229847
1747674912
502840818
1686716166
85735710
1277138730
1869643761
1305905361
665481293
968806864
453980579
618996557
603813853
867097838
991757612
1426106155
1772288350
2056847514
857069579
174532646
1057462892
766861644
1075807852
2008491909
1694501393
1763478330
814082314
1536355516
1884244407
469573826
6850494
137725490
1369328584
662748673
205302441
2130170910
423666148
1468679041
688329723
268967819
1541641406
430496271
14371933
2029838202
1266720660
398336425
1558383617
328429094
1245833545
940252566
59697731
183865442
1528231200
1522438032
1111105020
91017503
522282263
785945629
1209907300
546886410
1132808158
1214411260
1502373025
791534162
908463218
1974906554
1958106608
1662185607
957404507
268737124
1833283183
25896094
1701217662
1702601814
1553877124
386631953
1126400159
213773106
638610670
1301787171
1221114231
780048877
2138873702
1561892417
340346734
178766851
6245361
1564332676
257514998
1932301003
631094981
37188947
2146377604
1525134820
73035989
957780262
1746101802
800270543
1076712187
1208285541
1839741909
2070249367
972906945
636005230
86793249
11668651
922971085
1787659702
2103359956
1915507148
1607636198
70782727
446341630
1208241697
71417767
732835815
930395819
462969704
1801037759
1081008153
1042979650
533883975
1755191009
1377823293
528141437
227646912
1321549391
1783170962
622312965
20852163
567729919
1415951836
1338046377
1496647902
1750960743
1447774561
1690209339
2098807056
1601103338
1442241805
1738990599
1600970683
1551137502
1546576565
429683953
1647813815
946683193
790508920
238068266
471426179
1803064025
1498067009
695377294
772724630
528369005
1848076906
369411230
1049283796
441673987
371383419
989893397
695390492
1098047790
445861648
1872291112
489520638
1004588755
174593496
2003559263
476168586
1555746961
19675322
166826507
225022275
384540618
986664210
923377251
284138035
1998009426
1911775512
167420735
1742118936
79509684
273349473
1558101872
780295612
1633827099
520114304
1545402298
67426402
2028771044
273608901
1506573935
1269839964
938011325
898322469
324442793
1044142266
1807359866
1239919162
436046115
1848664092
7614324
1484514401
1287278772
615765161
484773534
462303233
2093556842
225426712
767421222
1442074347
1708887359
954171628
361205443
700546013
1759589754
226122172
716130977
1198725409
1078710181
1150896048
874936295
1989044051
339751719
218798856
509949665
1178838591
200173693
436421846
1723971279
105849320
820772633
1252999372
1553461321
2081869222
629647063
807766576
55729229
1577791335
1564649240
303640044
1822609895
431783189
2123132285
1835543489
1875072123
1812000280
2015759938
1405221020
1007238322
605512435
1054289972
338334721
2131871231
318874889
1325104720
1044136612
1878371021
293838978
1619482874
752427030
300030279
493427273
85205207
1772018076
1540352707
1611236397
1777341767
1946289180
628533196
1285140775
296968322
1654366001
1772585674
517295035
555453262
1107982173
211096400
235278455
1132999258
603142494
1003437058
1535962776
537360187
356853913
310854945
384913612
1577993984
1377209011
2108085685
2117922835
274739315
1581972031
1090852182
1143911103
518792175
1441198737
1009770646
1555380634
153032409
1771505329
1853069838
457825574
1191388348
1084642668
900383236
810482943
269576197
1082584196
445062838
782279517
612787287
877128967
1511579462
523542198
485260428
520118973
1945420609
1847022464
286101066
1618141371
891351245
879011860
724856125
572331284
713081711
439389358
1614321654
2108138927
745700727
1875427729
1809457248
526239796
1834378761
527539527
1494835674
219752224
1684372936
165262598
2132131574
587580921
641111072
337406254
104349902
82491035
926099248
476674031
1252168189
1734316464
648681555
1785190408
1839755073
1973666878
2042945354
474758570
2181035
768336986
352617991
629132155
474048128
516579066
1270241048
1840878006
990224560
1033629928
1940179118
2142608751
1555177456
1437957331
1724370506
1600027124
1158972790
1809313920
494951171
1953113680
1958952529
315099933
1285389942
2117705961
202867554
1915942582
128329290
140135241
1488789243
1852163776
1346973278
2121959417
587903506
42798547
395666
1998001289
1854329633
1343413365
1270541615
1673314733
1286209694
1870961425
2120878324
479349634
934478098
256856327
1473639870
622343150
81980120
1907886813
1831740626
97034532
189771125
1189032339
411482570
1067409991
1246729870
75023635
333699355
196238374
1844309130
542149575
483857727
67420198
142629061
198207813
112084099
935563069
267811693
1722822182
1973266799
1782582042
2004394749
1893290740
700708813
1902434147
134234452
1014902849
2080727128
1479322902
207902833
546006484
2032364803
401449489
8239309
1645429503
1271535586
238692012
858426197
1547575820
1495738041
885586820
1169572099
247974102
866612512
1466401107
2015535640
306249843
1028028239
1569580283
1788892920
2018358799
1360453516
669174178
215016610
726740
1861218350
770978550
416397002
1087256837
857318476
130388369
707752340
782435370
789215495
1974399864
291136751
628894310
980173169
2106030782
1051237260
1828725988
1363808025
1314217030
1778360186
1819034992
2082462005
635422885
361213536
1128664866
1227172970
1235435814
736868182
967059508
775343418
1156512487
960830560
1960531701
1826084618
1215959584
646435207
544283607
478249423
1588162436
968037270
108829346
1937856597
1328243136
181702766
2000135371
1318603052
1251740960
984578822
1619842783
1745460271
1404433233
959882499
688708378
1718580914
1094972737
1067472880
218366740
1931163719
247353634
357320730
2039122587
1369610797
257048206
195009291
998045084
2065636182
1210837701
822123425
1819220794
775152404
1834268433
635131338
620990465
700900447
1819523915
833745885
1136279860
1042066373
1885122166
491739032
476328770
1800593902
1874425736
2011170994
1276605783
1940663499
576505929
110965533
249396239
1952495963
537936981
1266093786
2022126918
55662618
253154875
1650961272
1949648651
1202697734
138671304
476887338
458754995
2114772046
1955773022
573999492
743570697
367509658
1756614781
1225007570
1537237155
1114132465
1278693732
1569184021
194586448
638582347
333963728
1353554843
1535775149
275743924
197027043
2018741818
1584679895
1040324634
682216480
1679256360
1558237754
1070138035
1264362899
2145817210
2004685192
1053239821
864692750
1621387319
242504646
2108337075
1888923021
1520056857
1794223232
1500207737
903574459
1998423775
234829341
319260261
324799118
311238993
1832030797
1702172986
1749773581
51595474
258195358
32747938
220287025
52588955
1630172718
2060257015
1264851945
1912870554
53435771
1272676270
2144481848
78417638
2124516695
2105771104
945636986
117211357
58059767
1758116215
613721796
1497902300
396172074
1249962353
684161384
1225157018
1060488870
1654720980
1484132503
428657697
1728857469
684549295
1404671522
6034794
295018671
632328392
658207065
794271637
2049126618
196969063
189393172
1341400258
1802315021
1793302206
44934096
278256015
820339898
250633203
1966852080
916157742
849960649
640063436
1725603365
1670603041
25196489
1705799414
1307228137
343009941
1010690369
510852850
1642380325
32698200
490210341
1002970269
1553734643
926883961
175368292
1131981146
1343820157
1863619707
1287906206
1055576285
478178052
1773404981
42453235
2005014935
455459837
1246733641
1428272119
865325497
1573711446
256790847
1504102594
1523647207
1835625942
218435645
1962582819
435402364
1182205858
2016609381
175982324
810546291
276072411
3087051
232686472
2068154104
574226277
1307878161
967236673
840313996
401988547
1152616098
1404381247
16024271
1571838750
1138391431
141638451
517641197
141229669
224206569
1743194449
1937477800
1483324301
316521252
1921177700
1880285437
1527632378
1090628995
350105595
797660534
1845904118
993102750
1947622081
52159243
379064413
653875277
1906338538
77853622
780174172
181071944
1536938954
241694098
781573454
2142004829
207866496
1223652015
971961541
33401164
1387315151
2119211892
2032165034
2124180802
1444832524
986303921
338031484
1558377200
1467993651
1271415361
1291413684
49145416
1748132629
151235416
147015241
1239363284
280588717
164179311
1075909711
655829939
1618432912
260881609
1615604923
725316912
460732546
1157532064
152995137
1341775360
1996605477
2127742193
858191198
728239640
729017548
1673832417
861182578
1196142889
472529261
1086474187
391715845
1763496633
322862261
2067620071
685486634
617849311
1551119158
2130043288
974319616
304903835
183872187
148217937
175731797
1436586703
2065090749
843138597
775012966
1769978078
1367377390
775493611
1752147138
1878938080
721899762
476375050
1426168909
1850572159
220178989
1884363495
754646367
915277169
159869623
2035763176
1185381644
675597970
493832300
277586211
1803227263
881263005
2086095137
372304808
62726271
2113783175
1644820209
1648849511
1297888020
952436088
1489848245
1348992448
29838658
1889950822
1310542226
2095217062
2147249908
619241552
1077135019
1219007598
1347398388
562046740
2053190135
1569144890
1424260375
158367470
1760448302
1362534652
613097590
593753230
1141057502
1920373033
936232918
1598775509
453443482
1348896508
227916329
1277188139
1748375889
606749796
873362734
1527805311
2045067196
1952013196
1802311731
2133334748
1899504369
1062089220
2099542267
1436180901
1276034325
768199825
2129814714
1151702125
851382319
623660430
1278783293
426716277
1291038487
1951838204
157078054
1839721667
14459789
1590225198
1720909397
200824027
870802277
1465400074
1973789027
129975581
1032562400
428613884
1192788296
623922874
2122715671
1391255933
1855369244
2013055316
1312211857
854945339
789363194
2013947954
870906355
1233837286
272928513
1055631645
61481687
1266049687
1349438324
830084825
1093256373
1594055644
333258753
616036675
2080429565
1597082468
1449901087
1805561092
1054225223
1115969860
1758706832
1582857455
121570978
502955236
1182711814
2117629693
1645548041
969284489
647226338
573593314
476704500
714343807
251169559
355221579
324891914
2016500706
503542061
473801399
1980668403
197757193
365341538
1232748783
532757580
2037061008
306010603
1066006051
2051566516
1889567745
1014229848
1085108899
954982403
928185630
1141765141
338807351
595095963
1937716942
343587852
1919438363
2065073366
673292194
64603240
1459080346
872315551
1187346690
1763878773
592703557
2001885212
2045979128
1773655203
150542544
409270153
670348441
1380043434
1750509450
1269445664
2108413963
598249927
1807178104
2022744884
488900920
895178788
479652108
566004830
599985166
2113024597
1464717703
430240462
1528665967
1890853375
544189928
2140053955
1377963452
1640735891
1581665679
1466846741
1092744185
1712729144
1998272627
762969839
853766557
43975879
1277361405
625151899
435077881
958154479
1819885951
255147126
1751132226
1380752249
961688404
862735618
1212513085
1459531943
1408601492
756616474
1402418566
418866101
820056436
122120000
802115964
1140441217
758377017
1306694162
1318916044
889461062
971118295
158425820
165366681
881301636
180785962
1750333255
1700767557
336842492
1874640
1181550638
1746107359
650502103
2060713889
1597265809
866915625
1709378790
1429876172
1532283810
1843815492
41977092
1764824975
1766844669
537064186
1578530456
1430708882
1229553141
1140949416
1014663223
2115293409
976843017
795367878
303954278
519667588
795788406
2010775317
330157437
1546269885
2007892198
654084452
477594279
1238931422
879122758
1541443838
1029371653
1415957700
1117518261
483014579
783957490
301042932
895161240
329087105
920799073
765687888
435050698
2044168160
536042339
309753717
567064561
1100066471
2055113670
2041686452
542985196
1143384478
1291673047
1580726444
1080922216
1264203681
2115702343
554634113
1436880274
1341333613
1285222699
1318056891
1921174759
1530043914
832409629
1379896765
514066727
874033877
155076736
2129800927
1750641511
747869737
605899745
1497226027
117524294
238092714
1183188090
486005937
444295223
1279969581
228589520
254686855
2048664061
1200932679
1889051004
2052787553
1082521142
1124649073
890634246
303546313
1210466574
621657813
1336372716
670500858
1735884564
604121271
141447363
1208557919
661184041
2007380867
1510082677
1317178275
916499349
803259759
1052493992
1487775092
14045491
1168324556
1665361472
2069428442
1666823117
652356591
42220282
1140306734
975758466
928416950
1329684793
759653048
1221736292
60829369
1819453918
203797481
1458565406
2081751311
998755920
384993329
309059026
715169978
80052379
218521726
889996033
943648944
1112021940
1242215763
1680916132
560543878
334616027
302085760
1480377687
1575406523
231110425
1344441475
1846972853
443849631
1091876329
134862203
729577151
373538271
1802337267
463321029
1541384053
302354861
1458271475
1212023862
1444062599
448581008
1775331768
885817843
478849317
1517641669
103549257
1805393391
1029075955
150580049
1292624418
350836738
157425944
1295666084
506883484
1607346083
189178998
1577461995
1224290154
1112355394
98355956
1619216115
2067270463
280218948
355905014
1496668341
2030047885
1993336220
1184869358
535151234
1392127081
1777239811
1156716556
269571276
2032998795
1659460819
118682385
2033887630
397702769
928327302
836181825
2034544217
1418362274
2110306758
303735159
1969718525
1516006416
47434800
1720295762
621446352
817727895
1144413866
597949069
1332790942
1812658082
2044544093
1660899693
1045579053
923961324
1303764817
1306049619
1792162923
2016476516
607308964
1103508593
1214517558
926955818
956095079
904470425
1824173000
1869870519
1231503637
42362161
1500696253
1615581721
510900913
696098883
845649091
1563135835
1243787643
1524637873
1395187421
806781443
2031444046
1057066374
159259987
664361396
1842044569
300358247
1323072826
1648197876
1268953592
1746362920
1843274908
1158903560
886644590
1369184379
465094467
857056764
834606657
380101827
588021287
511399615
599273074
82171910
1237871473
1001096554
170579160
1377636353
1173443883
695826337
834690776
1202338134
1299120263
2144409362
2029019075
1534706401
1850193865
991375899
325433804
566801448
1266549969
2137121928
637109412
1142896880
633031241
762284666
1986495412
1020728300
380798311
939966307
1445037559
607210129
1565598303
827329325
2053286257
2141289477
1409838441
81919866
1249451087
1789556021
542689898
113420038
936154524
2039395334
468745538
766331177
856776606
307276707
247622833
1570349945
50032075
1261026293
1125509606
1056037773
2017630315
1541140017
660022950
1228311260
1216395211
1076996234
1040229397
1898211011
654571803
113224456
485524516
15017637
1673225957
447793009
1333872536
1955424813
1787379498
1596450403
1483481779
407077295
673599771
498862979
1651749505
1812404908
788216945
1490758352
1673034944
1901064820
25693289
966508817
335889517
951701734
1321224288
1406288237
1224203495
1674980691
248067078
1379830297
206292418
1965031297
90806594
276214315
1935046955
1947492043
1859524002
1945608846
1335490291
498774373
1358595453
1184435214
1439741498
1955679678
512804520
1772711059
866043833
1778356222
1809755345
1129313643
113676971
356287919
1115201915
178078912
402404953
1076457848
528746902
1729168425
500775489
739346691
105654970
1030331995
1789056738
2058645248
1496181248
1450466816
1949286695
1905724227
1619680893
409429920
1558119021
1718518537
674615644
758390972
1843398451
2108896088
2136499607
928495098
2124721757
1948626820
512704850
68719226
769180453
124642765
1878045396
1358608966
977726366
287091750
1912826658
530717160
71939558
1146754833
828409914
1316551958
1667763688
1972313253
909756649
643956361
170329547
1115628978
1459151945
564126444
948927227
2024689403
356687579
1259532527
855949778
968572065
645388093
1444051066
1467097570
496992673
234382472
1738693375
690457826
397917556
965689416
1555007208
949656114
354726357
1965889048
461076528
105345292
1940435615
437121754
1468919822
1337846601
1538847188
1077439889
411383243
1847712461
623921594
328221659
940593844
1789524881
1812547359
2098988046
1734597420
915913803
1809798590
222101229
1336997593
1499113404
835915962
1309825798
212826622
599054486
1793841479
699646892
122094057
1315078663
22082920
1140706701
502277763
1285371622
920033490
720489199
1202057989
1064581497
1400855024
214722955
2119235530
16629217
1356379392
730993670
966289215
1517922594
1738628955
411414792
672845814
2101147347
772951249
644741627
1649878490
1682280286
781150514
425149282
422046845
1716058357
1318266858
21180627
1153266829
177007890
209202116
412446355
765541990
1686076584
1920362703
1587817164
379302849
1534397675
165495390
1145350253
1836485257
1204623033
694830888
1595401630
1151943374
832778916
2092191120
375451615
237130195
1707121565
1260179968
820912060
1857465409
1952117310
112564590
146282031
728400255
1559210675
1562819073
1508701586
954276377
265826118
2114014156
768340031
2129587037
396976518
86844344
94168774
1168642565
45204500
1902385793
1087467466
662078990
1251227402
1679000023
1452819320
1743157671
1236390152
2040826276
209822885
1577874757
1114898140
422999917
1088618883
449831635
1412477901
1835119058
1779541504
1209915911
519378053
852017711
1324349884
288563152
2141169304
1428983397
256271268
1793682155
385461941
2055941299
1654164784
878911381
1636829032
698667965
1815699253
498193499
361126537
1547208879
116109927
910627341
1680099141
1971473787
1996705135
893640913
1695194822
354332990
1062824613
1764938835
1769439618
1771291840
1965137771
75589914
962774813
1920832794
1818205989
1665705206
1328069372
1222405746
403436504
851578006
932173671
509954274
1568499294
172302390
1138149722
1327030647
470708291
1375383925
482518761
1491870037
2077339968
2142667844
1828315725
1410635000
102629969
196922618
1559700367
2109068693
543842421
79707525
1546113743
1918428831
519801090
759067580
2080161073
1541712229
619233698
1336654543
1198513765
1608427736
1603986926
1337733600
40433874
816684907
213939365
1957136810
1629177439
1938503955
744683145
1403366239
1116810206
48804718
1224063190
1849014929
129988884
39984640
2054911328
1646658630
675831657
806755480
266347080
15371566
1479469353
1400122833
1274921818
699994352
146692980
829527988
236369670
691823776
1869974728
1639267451
1434294521
262032974
1451022889
2043459952
1430942808
2034631608
1672348907
2130792948
419340185
421175839
1075831580
1258899612
1635007485
1199313206
656174224
733636726
1342960302
1553589047
386289289
70033513
1415260529
1316414481
698077187
445100730
541493511
1541482940
1708617882
790960811
588795686
1628542892
554388505
1608477246
1264551439
1034086243
1566239904
2138735127
1625086924
490694689
1778898289
958670207
1427337992
1977993143
817868887
21138565
366978954
320362106
1860151219
658421311
2002477135
164583506
554637092
1775394094
687286596
616436978
1934384338
1287491519
782823069
1015249186
1378432344
1371934446
1308939221
1994013495
136358988
396539141
765608002
401183909
306662251
437732995
720821076
546751147
1119277670
992554775
561173098
1833476140
2141282627
1545325771
2026201680
1695664798
546086770
1575684926
1566981721
382395419
1853098349
107294986
1299189526
527279253
1075457802
619766084
1176625840
1947896871
474172512
781873953
2007042279
767436934
1284523860
1817436597
712144039
1365770134
467123135
713340375
1681546564
238309657
583753789
171666465
558004563
558563714
2014490005
816314644
1773325604
218701800
1382568640
1763650904
32417503
789551382
1381408664
316726304
214368826
1355336127
780644382
441894316
499985876
807387598
1004585576
463497192
1571040305
1170156252
644661541
975173426
123529811
1616569275
940616910
813621561
1817249265
1617330991
382020971
442784769
1831959894
508302268
943404799
452895490
112870105
1775860379
822495890
698852464
1548832245
1229986758
2017820121
980942998
2053596164
141126963
1995248515
1873239388
526021277
1960594205
1843727906
1749495783
1870460294
2040135549
483248053
1096105567
1701020248
1496780440
2063742926
24460236
575746990
2044918450
1845506660
2046099482
1697467913
1125339360
1180272951
1463090747
1148721220
565801211
190159324
390511211
1322942894
547332784
68776548
967647887
634113993
243345845
203773613
180800183
268578206
733621014
316215364
1722298306
1905694395
19355053
790434549
1781285409
865220555
370827184
535109618
1608751796
1268973264
860326756
1621209500
1701764048
9876735
90277104
142612976
181854306
1821875255
2128350028
1764613521
146635565
1754999328
438498904
1683125614
2112596015
77798109
328879113
381370639
1424896545
1476048237
773142206
266867586
88075806
656260003
1480380081
685991132
554749787
269754304
1790757001
750244462
858469652
1365588394
1025194764
805648262
65860744
1559680459
1392627185
1590839518
1054851354
1121458057
814859219
1817984166
877966489
901630301
1463906626
385132841
94427545
1400198290
349754100
177628190
1666497024
678247068
210507033
1918684302
958862237
1111853587
168689100
1612024156
191558898
1472751946
618744997
677078646
535536658
340947088
374292843
27892375
202166693
1261710851
1331338215
541155254
1244903945
277990667
820610771
1009805326
686159507
1583053690
878051314
551901643
1087693043
751355454
1958440761
388504398
676891317
1072351169
1389444907
362699293
2026597092
1527554526
1091397698
501306986
1424491465
609705343
424083849
590388542
1088152273
388360663
1463814215
882768706
290946188
457676089
763277525
969511466
1821935314
1455094164
248623761
998873791
2137297664
1406203531
1944068331
2009595271
843303520
382137141
140280732
840469522
1831325351
224477550
133955575
195904740
120119447
746724568
1531807064
1912253434
1430490821
2026332018
2098859704
1379197435
1076055669
1065395666
288762723
1903084540
975863969
1718697218
1723736256
808386032
1512998169
1718408181
1555633999
1231264171
82222532
1284737701
1446306994
509293713
284591108
1197578442
1496524002
2087953887
1407824440
1905288760
